,"Time,s","Pelvis Accel Sensor X,mG","Pelvis Accel Sensor Y,mG","Pelvis Accel Sensor Z,mG","Pelvis Rot X,","Pelvis Rot Y,","Pelvis Rot Z,",Markers,MarkerNames,Fall
549400,300.16,0.4318432013769363,0.5841311346682372,0.5431947628508839,0.2400220066019806,0.2573286052009456,0.23124006827143773,0.0,,0.0
549401,300.17,0.43218433734939765,0.5836694149980369,0.5429772275714504,0.2398219465839752,0.2578014184397163,0.23076923076923067,0.0,,0.0
549402,300.18,0.43224995697074015,0.5832481350608559,0.5432971623618116,0.2396719015704712,0.25821513002364066,0.23029839326702362,0.0,,0.0
549403,300.19,0.43278786574870914,0.5830537887711034,0.5433740893575831,0.23952185655696706,0.258628841607565,0.22976870107704067,0.0,,0.0
549404,300.2,0.4328928571428572,0.5828429524931292,0.5433740893575831,0.23947184155246576,0.25898345153664304,0.22929786357483362,0.0,,0.0
549405,300.21,0.4335490533562823,0.5832076953278367,0.5434764888685109,0.2394218265479644,0.259338061465721,0.22876817138485067,0.0,,0.0
549406,300.22,0.4335490533562823,0.5828833922261485,0.5427464465841356,0.23947184155246576,0.2595744680851063,0.22823847919486778,0.0,,0.0
549407,300.23,0.43361445783132535,0.5837663918335297,0.5421831473839727,0.23962188656596983,0.2598108747044917,0.22764993231710895,0.0,,0.0
549408,300.24,0.43272246127366615,0.5842037691401649,0.5427209740689796,0.2398219465839752,0.26010638297872335,0.22706138543935017,0.0,,0.0
549409,300.25,0.43226303786574877,0.5849328621908128,0.543796423658872,0.24007202160648194,0.2602836879432624,0.22653169324936723,0.0,,0.0
549410,300.26,0.4318300774526678,0.5854674911660778,0.5435788883794386,0.24027208162448738,0.26052009456264774,0.2259431463716084,0.0,,0.0
549411,300.27,0.43155464716006886,0.5858563015312133,0.5437194966631005,0.2405221566469941,0.26075650118203303,0.22547230886940134,0.0,,0.0
549412,300.28,0.43130507745266783,0.5855890066745191,0.5441678129298486,0.2408222466740022,0.2609338061465721,0.22500147136719428,0.0,,0.0
549413,300.29,0.43142340791738387,0.5852001570475069,0.5435534158642824,0.24107232169650894,0.2611702127659574,0.22458948855276312,0.0,,0.0
549414,300.3,0.4317251290877797,0.5848354927365529,0.5436425696673289,0.24132239671901573,0.26140661938534276,0.22411865105055606,0.0,,0.0
549415,300.31,0.4316332616179002,0.5844954848841775,0.5430027000866066,0.24162248674602382,0.26158392434988176,0.22376552292390078,0.0,,0.0
549416,300.32,0.43123967297762483,0.5839528857479388,0.5432457078811962,0.24192257677303192,0.2617612293144208,0.22347124948502134,0.0,,0.0
549417,300.33,0.4313838209982789,0.5834585787200629,0.5432457078811962,0.24227268180454137,0.2618203309692671,0.22323583073391784,0.0,,0.0
549418,300.34,0.4311742685025818,0.583596387907342,0.5420551225227979,0.24262278683605087,0.2618203309692671,0.22311812135836606,0.0,,0.0
549419,300.35,0.4311742685025818,0.5832076953278367,0.5429512456059911,0.24302290687206163,0.26170212765957446,0.22300041198281434,0.0,,0.0
549420,300.36,0.43093803786574875,0.5831668629760504,0.5418118600030567,0.24342302690807244,0.2615248226950354,0.22300041198281434,0.0,,0.0
549421,300.37,0.4308330464716007,0.5832885747938752,0.5425544857099189,0.2437731319395819,0.2613475177304964,0.22300041198281434,0.0,,0.0
549422,300.38,0.43085929432013775,0.5838233215547703,0.54322023536604,0.2441732519755927,0.26111111111111107,0.22305926667059023,0.0,,0.0
549423,300.39,0.43062306368330466,0.5843011385944249,0.5429512456059911,0.24452335700710215,0.26087470449172573,0.22317697604614195,0.0,,0.0
549424,300.4,0.43130507745266783,0.5848193953670986,0.5427464465841356,0.24482344703411024,0.2606382978723404,0.22329468542169373,0.0,,0.0
549425,300.41,0.4312005163511188,0.5849328621908128,0.542477660604208,0.24507352205661698,0.26040189125295504,0.22347124948502134,0.0,,0.0
549426,300.42,0.43142340791738387,0.5851272870043188,0.5426827652962453,0.24537361208362513,0.26022458628841605,0.223647813548349,0.0,,0.0
549427,300.43,0.431935025817556,0.5854512760109933,0.5429772275714504,0.24552365709712914,0.26004728132387706,0.22382437761167667,0.0,,0.0
549428,300.44,0.432092512908778,0.5855890066745191,0.5429003005756788,0.24577373211963593,0.259869976359338,0.22400094167500428,0.0,,0.0
549429,300.45,0.43197440619621347,0.5852973694542599,0.5430796270823781,0.24592377713313995,0.25975177304964536,0.22417750573833195,0.0,,0.0
549430,300.46,0.4320531325301205,0.5857753042795446,0.5433226348769677,0.24612383715114533,0.259692671394799,0.22429521511388373,0.0,,0.0
549431,300.47,0.4319481497418245,0.5860667451904201,0.5432457078811962,0.2462738821646494,0.2595744680851063,0.2244129244894355,0.0,,0.0
549432,300.48,0.43142340791738387,0.5855890066745191,0.5433995618727393,0.24637391217365212,0.25945626477541367,0.22458948855276312,0.0,,0.0
549433,300.49,0.43123967297762483,0.5851029839026306,0.543796423658872,0.24647394218265478,0.2593971631205674,0.224648343240539,0.0,,0.0
549434,300.5,0.4312005163511188,0.5847059285433844,0.5432716898466554,0.24652395718715614,0.2592789598108747,0.22476605261609078,0.0,,0.0
549435,300.51,0.4313838209982789,0.584552021986651,0.5431050995975342,0.24652395718715614,0.2591016548463357,0.22476605261609078,0.0,,0.0
549436,300.52,0.43123967297762483,0.5839772281115038,0.5427979010647511,0.24652395718715614,0.25898345153664304,0.22482490730386667,0.0,,0.0
549437,300.53,0.43130507745266783,0.5843011385944249,0.5427719190992918,0.24652395718715614,0.25886524822695034,0.22482490730386667,0.0,,0.0
549438,300.54,0.43142340791738387,0.5846089517078917,0.5425032859544551,0.24652395718715614,0.25868794326241135,0.22482490730386667,0.0,,0.0
549439,300.55,0.4316726333907057,0.5846089517078917,0.5428488460950633,0.24652395718715614,0.258628841607565,0.22476605261609078,0.0,,0.0
549440,300.56,0.4325124784853701,0.5848598351001179,0.5418118600030567,0.24647394218265478,0.258628841607565,0.2248837619916425,0.0,,0.0
549441,300.57,0.4328928571428572,0.5838637612877896,0.5427082378114014,0.24637391217365212,0.258628841607565,0.22500147136719428,0.0,,0.0
549442,300.58,0.4328795180722892,0.5830942285041225,0.5414789342299658,0.2462238671601481,0.258628841607565,0.22523689011829778,0.0,,0.0
549443,300.59,0.4328270223752152,0.5825190420102081,0.5407106831728564,0.24607382214664397,0.25856973995271865,0.22553116355717723,0.0,,0.0
549444,300.6,0.43281411359724614,0.5821951315272871,0.5405186204085791,0.2459737921376413,0.258451536643026,0.2258842916838325,0.0,,0.0
549445,300.61,0.43235490533562826,0.5820003926187672,0.5406082836619287,0.24602380714214267,0.2581560283687943,0.22635512918603956,0.0,,0.0
549446,300.62,0.43148881239242687,0.5820168826069887,0.540659228692241,0.24617385215564674,0.2578605200945626,0.22670825731269484,0.0,,0.0
549447,300.63,0.43030808950086064,0.5825755791126817,0.5397376330938917,0.24647394218265478,0.2574468085106383,0.22706138543935017,0.0,,0.0
549448,300.64,0.4292977624784854,0.5831507656065961,0.5406852106577003,0.24692407722316695,0.25691489361702124,0.22735565887822956,0.0,,0.0
549449,300.65,0.4283532702237522,0.5843011385944249,0.5407621376534719,0.24752425727718314,0.2562056737588652,0.22764993231710895,0.0,,0.0
549450,300.66,0.42873364888123927,0.5860263054574009,0.5412613989505324,0.2482244673402021,0.2553191489361702,0.22800306044376423,0.0,,0.0
549451,300.67,0.4295339931153184,0.5871766784452297,0.5417350348973458,0.24907472241672501,0.2543735224586288,0.2283561885704195,0.0,,0.0
549452,300.68,0.43062306368330466,0.5881970946211229,0.5425032859544551,0.24987496248874663,0.25342789598108745,0.22882702607262662,0.0,,0.0
549453,300.69,0.4321580895008606,0.5890557518649392,0.5434510163533547,0.25067520256076825,0.2525413711583924,0.22923900888705773,0.0,,0.0
549454,300.7,0.43306325301204823,0.5894621122889675,0.545217790004585,0.2514254276282885,0.25177304964539005,0.2296509917014889,0.0,,0.0
549455,300.71,0.4339031841652324,0.5891370239497449,0.5449615365021142,0.25192557767330204,0.251063829787234,0.23023953857924773,0.0,,0.0
549456,300.72,0.4334440619621343,0.5879623085983511,0.5449615365021142,0.2522756827048115,0.25029550827423164,0.23082808545700656,0.0,,0.0
549457,300.73,0.4332078313253012,0.5871197487239891,0.5440012226807275,0.2524257277183155,0.24964539007092196,0.23153434171031712,0.0,,0.0
549458,300.74,0.43274870912220315,0.5861397722811151,0.5429003005756788,0.2524257277183155,0.24899527186761228,0.23235830733917945,0.0,,0.0
549459,300.75,0.43232865748709126,0.5851434628975265,0.5427209740689796,0.25247574272281686,0.24828605200945625,0.23324112765581767,0.0,,0.0
549460,300.76,0.4317382530120482,0.5838798586572439,0.5430796270823781,0.2525257577273182,0.2476359338061465,0.23406509328468,0.0,,0.0
549461,300.77,0.4316595094664372,0.5835316058107578,0.5434250343878955,0.25267580274082224,0.24698581560283683,0.23494791360131823,0.0,,0.0
549462,300.78,0.4311742685025818,0.5832316450726345,0.5438733506546436,0.2528258477543263,0.24633569739952715,0.23577187923018056,0.0,,0.0
549463,300.79,0.43058347676419967,0.5830777385159012,0.5440399409037648,0.2529758927678304,0.24568557919621747,0.23659584485904295,0.0,,0.0
549464,300.8,0.4304393287435456,0.5835316058107578,0.5446670742269091,0.25317595278583577,0.2450945626477541,0.2373021011123535,0.0,,0.0
549465,300.81,0.4304784853700517,0.5841715744012564,0.5443216669213917,0.25337601280384114,0.2446217494089834,0.23806721205343995,0.0,,0.0
549466,300.82,0.4302689328743546,0.5847059285433844,0.5446925467420652,0.2535760728218466,0.24408983451536642,0.23871461361897467,0.0,,0.0
549467,300.83,0.4302689328743546,0.5851434628975265,0.5450899179785011,0.2536761028308493,0.24367612293144203,0.23942086987228522,0.0,,0.0
549468,300.84,0.4305180722891567,0.5854107813113467,0.5436425696673289,0.2538261478443533,0.2432624113475177,0.240009416750044,0.0,,0.0
549469,300.85,0.4308330464716007,0.5854917942677661,0.544218757960161,0.25397619285785733,0.2429078014184397,0.24042139956447522,0.0,,0.0
549470,300.86,0.43096428571428574,0.5856861798193954,0.5440399409037648,0.25412623787136146,0.24255319148936166,0.2408333823789064,0.0,,0.0
549471,300.87,0.43085929432013775,0.5850300745975658,0.5435916246370166,0.2543763128938682,0.24219858156028368,0.24118651050556167,0.0,,0.0
549472,300.88,0.43121342512908784,0.584414605418139,0.5451153904936573,0.25462638791637493,0.24166666666666664,0.24159849331999284,0.0,,0.0
549473,300.89,0.43180382960413083,0.5835559481743228,0.5451923174894289,0.2550765229568871,0.2409574468085106,0.2420693308221999,0.0,,0.0
549474,300.9,0.43232865748709126,0.58289988221437,0.5454098527688623,0.255626688006402,0.2400709219858156,0.24265787769995867,0.0,,0.0
549475,300.91,0.43327323580034427,0.5832481350608559,0.545934586581079,0.2563769130739222,0.23912529550827422,0.2431875698899416,0.0,,0.0
549476,300.92,0.43272246127366615,0.5830212014134276,0.5454098527688623,0.2573271981594478,0.23823877068557914,0.24365840739214867,0.0,,0.0
549477,300.93,0.43219746127366615,0.5825351393796624,0.5445901472311375,0.25837751325397623,0.23747044917257681,0.2441880995821316,0.0,,0.0
549478,300.94,0.43197440619621347,0.5826729485669415,0.543501961383667,0.2595778733620086,0.23664302600472814,0.24471779177211456,0.0,,0.0
549479,300.95,0.43148881239242687,0.5820168826069887,0.5429003005756788,0.26092827848354505,0.23563829787234042,0.2454240480254251,0.0,,0.0
549480,300.96,0.43226303786574877,0.582478602277189,0.542003922767334,0.2622286686005802,0.23457446808510635,0.2464245777176151,0.0,,0.0
549481,300.97,0.4328532702237522,0.5828268551236749,0.5412868714656884,0.263629088726618,0.23345153664302593,0.2477193808486845,0.0,,0.0
549482,300.98,0.43369320137693634,0.584527679623086,0.5416582097916348,0.2652295688706612,0.2322695035460992,0.2491907480430815,0.0,,0.0
549483,300.99,0.43420481927710847,0.5858723989006676,0.5416582097916348,0.2668800640192058,0.23120567375886525,0.25077982461303033,0.0,,0.0
549484,301.0,0.4347689328743546,0.5870471142520614,0.540659228692241,0.268480544163249,0.23037825059101652,0.252427755870755,0.0,,0.0
549485,301.01,0.4343885542168675,0.5871036513545348,0.5400448316266748,0.2699809942982895,0.22978723404255313,0.25413454181625555,0.0,,0.0
549486,301.02,0.43421815834767646,0.5868932076953279,0.5389439095216261,0.2711813544063219,0.2292553191489361,0.2560178918250838,0.0,,0.0
549487,301.03,0.43505765920826167,0.5872332155477032,0.5379194049620459,0.27223166950085026,0.22854609929078012,0.2581366605850155,0.0,,0.0
549488,301.04,0.4353330464716007,0.5871605810757755,0.5375994701716847,0.27313193958187454,0.22771867612293145,0.26043199340827483,0.0,,0.0
549489,301.05,0.4358317555938038,0.5876788378484492,0.5373050078964796,0.2740322096628989,0.22689125295508267,0.2627273262315343,0.0,,0.0
549490,301.06,0.43484767641996563,0.5875979583824107,0.5380987314687452,0.2750825247574272,0.22594562647754135,0.2649638043670177,0.0,,0.0
549491,301.07,0.4335490533562823,0.5861075775422065,0.53907178154771,0.2762328698609583,0.22517730496453903,0.2669648637513977,0.0,,0.0
549492,301.08,0.43230240963855426,0.5849167648213585,0.5402623669061083,0.27743322996899067,0.2243498817966903,0.2688482137602259,0.0,,0.0
549493,301.09,0.4318694492254734,0.5843576756968983,0.5410306179632176,0.27883365009502853,0.22340425531914893,0.27079041845682994,0.0,,0.0
549494,301.1,0.4313446643717728,0.5840742049469965,0.5406082836619287,0.28048414524357307,0.22228132387706856,0.27285033252898583,0.0,,0.0
549495,301.11,0.43142340791738387,0.5844711425206125,0.5398400326048194,0.2822846854056217,0.2209219858156028,0.27496910128891755,0.0,,0.0
549496,301.12,0.4307147160068847,0.5850462897526503,0.5379963319578175,0.2842852855856757,0.21956264775413709,0.27726443411217694,0.0,,0.0
549497,301.13,0.43033433734939763,0.5859536709854731,0.5377018696826125,0.2864859457837351,0.21820330969267138,0.27961862162321216,0.0,,0.0
549498,301.14,0.42942900172117043,0.5871605810757755,0.5381242039839014,0.28878663599079724,0.21690307328605202,0.2820316638220233,0.0,,0.0
549499,301.15,0.42852366609294323,0.5883674911660778,0.5387518467573488,0.2911373412023607,0.21566193853427895,0.2845035607086103,0.0,,0.0
549500,301.16,0.4284582616179002,0.5902866117000393,0.5392893168271434,0.2933380014004201,0.21436170212765954,0.2870931669707491,0.0,,0.0
549501,301.17,0.4288386402753873,0.5909187279151944,0.5384701207397218,0.29543863158947686,0.21294326241134748,0.28997704667176727,0.0,,0.0
549502,301.18,0.4304130808950086,0.5909736945425992,0.5391996535737938,0.2973392017605282,0.21122931442080373,0.29303749043611316,0.0,,0.0
549503,301.19,0.4329191049913942,0.5913977228111504,0.5383290030057567,0.29923977193157947,0.20921985815602834,0.2962156435760107,0.0,,0.0
549504,301.2,0.4346639414802066,0.5919316843345113,0.5369845636558154,0.30109032709812944,0.2072104018912529,0.29933494202813243,0.0,,0.0
549505,301.21,0.43518889845094666,0.5920141342756184,0.5367823118854755,0.30299089726918077,0.20526004728132385,0.30239538579247827,0.0,,0.0
549506,301.22,0.4355692771084338,0.592124067530428,0.5353864180549187,0.3049414824447334,0.20342789598108746,0.3053969748690482,0.0,,0.0
549507,301.23,0.43560886402753873,0.5929681978798587,0.537074226909165,0.30694208262478745,0.20177304964539006,0.3082808545700664,0.0,,0.0
549508,301.24,0.43484767641996563,0.593545347467609,0.5370614906515869,0.3089426828048415,0.200177304964539,0.3112824436466364,0.0,,0.0
549509,301.25,0.4340998278829604,0.5936003140950138,0.5385979927658057,0.3109932979893968,0.19864066193853425,0.31428403272320626,0.0,,0.0
549510,301.26,0.43298450946643724,0.5930977620730271,0.5393917163380711,0.3129438831649495,0.19716312056737584,0.31734447648755215,0.0,,0.0
549511,301.27,0.43142340791738387,0.5920691009030232,0.5413383259463039,0.31489446834050216,0.19568557919621749,0.3204637749396738,0.0,,0.0
549512,301.28,0.43085929432013775,0.5907656065959953,0.5431050995975342,0.31684505351605485,0.19408983451536638,0.32370078276734726,0.0,,0.0
549513,301.29,0.4304130808950086,0.5874275618374559,0.544936063986958,0.31884565369610884,0.19231678486997633,0.32693779059502076,0.0,,0.0
549514,301.3,0.43096428571428574,0.584438947781704,0.5456915787864893,0.3209962988896669,0.1902482269503546,0.33029250779824604,0.0,,0.0
549515,301.31,0.4317645008605852,0.5810757754220652,0.545781242039839,0.32319695908772633,0.1881205673758865,0.33364722500147126,0.0,,0.0
549516,301.32,0.43365361445783135,0.5770514330585003,0.5455631973101024,0.3256476943082925,0.18575650118203307,0.33706079689247237,0.0,,0.0
549517,301.33,0.4358317555938038,0.574452296819788,0.5444240664323194,0.32834850455136544,0.1833333333333333,0.34059207815902526,0.0,,0.0
549518,301.34,0.4383003442340792,0.5737377306635257,0.5445392022008253,0.3315994798439532,0.18096926713947986,0.34406450473780226,0.0,,0.0
549519,301.35,0.4397934595524957,0.5755594817432274,0.5440908859340771,0.33535060518155446,0.17860520094562643,0.34765464069213103,0.0,,0.0
549520,301.36,0.43928141135972465,0.5788574793875148,0.5440139589383055,0.33970191057317195,0.17630023640661935,0.3513624860220116,0.0,,0.0
549521,301.37,0.4353330464716007,0.5827459756576365,0.5428748280605227,0.34420326097829346,0.17429078014184396,0.3551291860396679,0.0,,0.0
549522,301.38,0.43152839931153186,0.5852406753042796,0.542400835498497,0.348704611383415,0.17245862884160756,0.35889588605732436,0.0,,0.0
549523,301.39,0.4286682444061963,0.5880757754220652,0.5422728106373222,0.3530559167750325,0.17068557919621746,0.36289800482608425,0.0,,0.0
549524,301.4,0.4256884681583477,0.5913388299960739,0.5405186204085791,0.35695708712613783,0.16891252955082742,0.36707668765817186,0.0,,0.0
549525,301.41,0.422474182444062,0.5929446407538281,0.5405186204085791,0.36040812243673104,0.16725768321512996,0.3712553704902594,0.0,,0.0
549526,301.42,0.42101979345955254,0.5925480957989793,0.540493147893423,0.3634590377113134,0.16554373522458626,0.37543405332234703,0.0,,0.0
549527,301.43,0.4217125645438899,0.5904750687082843,0.5413123439808446,0.366259877963389,0.16382978723404257,0.3794361720911069,0.0,,0.0
549528,301.44,0.4242986230636833,0.5883431488025128,0.5426827652962453,0.3691607482244673,0.16205673758865247,0.38337943617209097,0.0,,0.0
549529,301.45,0.42555938037865754,0.5858563015312133,0.5437194966631005,0.3724117235170551,0.16034278959810877,0.38714613618974736,0.0,,0.0
549530,301.46,0.42713425129087784,0.5834424813506086,0.5442447399256202,0.37611283385015504,0.15862884160756502,0.3908539815196279,0.0,,0.0
549531,301.47,0.42872074010327027,0.5802591283863369,0.5448718732487645,0.38036410923276986,0.15697399527186756,0.3943852627861808,0.0,,0.0
549532,301.48,0.4300981067125646,0.5772870043188065,0.5436685516327882,0.38506551965589675,0.15520094562647752,0.3977988346771819,0.0,,0.0
549533,301.49,0.4318432013769363,0.5734864546525325,0.5420551225227979,0.3900170051015305,0.15342789598108747,0.40109469719263124,0.0,,0.0
549534,301.5,0.4341394148020654,0.5710325873576757,0.5412099444699169,0.39521856556967094,0.15147754137115838,0.40439055970808063,0.0,,0.0
549535,301.51,0.43488726333907063,0.5699646643109542,0.5381242039839014,0.40062018605581673,0.14958628841607563,0.40780413159908174,0.0,,0.0
549536,301.52,0.43550387263339074,0.5718021201413428,0.5353864180549187,0.40602180654196257,0.14781323877068558,0.41151197692896224,0.0,,0.0
549537,301.53,0.4353330464716007,0.576387907341971,0.5322583931937439,0.4111733520056017,0.14615839243498818,0.4155729503854981,0.0,,0.0
549538,301.54,0.4361071428571429,0.5802041617589321,0.5324774568240868,0.4158747624287286,0.14438534278959808,0.4200459066564651,0.0,,0.0
549539,301.55,0.4371041308089501,0.5833046721633295,0.532706709460492,0.4202260678203461,0.14243498817966904,0.42493084574186324,0.0,,0.0
549540,301.56,0.4384810671256455,0.5847789556340793,0.5328238830302103,0.4243773131939582,0.1404255319148936,0.4301100582661408,0.0,,0.0
549541,301.57,0.44010757314974186,0.5857023949744798,0.533593152987926,0.42842852855856756,0.13853427895981085,0.43546583485374596,0.0,,0.0
549542,301.58,0.44161790017211705,0.5866014919513153,0.5342707218910795,0.4324297289186756,0.13687943262411345,0.4409393208169029,0.0,,0.0
549543,301.59,0.4426678141135973,0.5867393011385945,0.5361404045035406,0.43643092927878363,0.13563829787234039,0.4464716614678358,0.0,,0.0
549544,301.6,0.44190619621342514,0.5863910482921084,0.5367007998369758,0.4403821146343903,0.1348108747044917,0.4519039491495496,0.0,,0.0
549545,301.61,0.4389414802065405,0.5843011385944249,0.5385210657700341,0.4442332699809943,0.13433806146572103,0.45721852745571173,0.0,,0.0
549546,301.62,0.4358317555938038,0.5829968590498626,0.5377018696826125,0.4479843953185956,0.13416075650118203,0.4624977929492083,0.0,,0.0
549547,301.63,0.4331290877796902,0.5823246957204555,0.5375734882062254,0.45170551165349604,0.13410165484633568,0.4677417456300393,0.0,,0.0
549548,301.64,0.43088554216867475,0.5822273262661956,0.5363339956187273,0.45530659197759327,0.13416075650118203,0.4729915837796479,0.0,,0.0
549549,301.65,0.4286549053356283,0.5817334118570868,0.5350654643639513,0.4588476542962889,0.13427895981087468,0.4782002236478134,0.0,,0.0
549550,301.66,0.42732788296041313,0.581959952885748,0.5344897855214223,0.46248374512353707,0.13433806146572103,0.48344417632864445,0.0,,0.0
549551,301.67,0.42600258175559386,0.5821138594424814,0.5336186255030821,0.4661448434530359,0.13433806146572103,0.48868812900947545,0.0,,0.0
549552,301.68,0.42582185886402757,0.5828833922261485,0.5340007132304243,0.4698709612883865,0.13421985815602838,0.49400270731563756,0.0,,0.0
549553,301.69,0.42648881239242686,0.5842850412249706,0.5337969331091752,0.4738371511453436,0.13392434988179663,0.49942910952857383,0.0,,0.0
549554,301.7,0.427013769363167,0.5854917942677661,0.5344643130062662,0.47795838751625486,0.13356973995271865,0.5049979400859277,0.0,,0.0
549555,301.71,0.42757745266781416,0.5869497447978014,0.5343216669213918,0.48223467040112034,0.1332151300236406,0.5105296921899828,0.0,,0.0
549556,301.72,0.42914027538726335,0.588059678052611,0.5343980844668602,0.4865959787936381,0.13280141843971627,0.5160614442940379,0.0,,0.0
549557,301.73,0.43093803786574875,0.5891370239497449,0.5355137806306994,0.4909922976893068,0.13262411347517727,0.5214525336943087,0.0,,0.0
549558,301.74,0.43230240963855426,0.5892096584216726,0.5348209282184523,0.4953601080324097,0.13262411347517727,0.5266964863751397,0.0,,0.0
549559,301.75,0.43451979345955255,0.5898822143698469,0.5363085231035712,0.49960313093928177,0.13286052009456267,0.5316873638985344,0.0,,0.0
549560,301.76,0.4359367469879518,0.5904161758932077,0.5363085231035712,0.5037546263879163,0.1333924349881796,0.5365016773586014,0.0,,0.0
549561,301.77,0.4367254733218589,0.5896702002355713,0.5370614906515869,0.5077823347004101,0.13421985815602838,0.5411394267553409,0.0,,0.0
549562,301.78,0.436790017211704,0.5894621122889675,0.5375994701716847,0.5117235170551165,0.1351654846335697,0.545553528338532,0.0,,0.0
549563,301.79,0.436553356282272,0.5891692186886534,0.5372280809007081,0.5155696709012704,0.13628841607565007,0.5498675769525041,0.0,,0.0
549564,301.8,0.43462478485370054,0.5886914016489989,0.5367007998369758,0.5193257977393217,0.13735224586288414,0.5541051144723675,0.0,,0.0
549565,301.81,0.43236802925989676,0.5877679623085984,0.5352692444852004,0.522926878063419,0.1384160756501182,0.5582367135542344,0.0,,0.0
549566,301.82,0.43085929432013775,0.5871605810757755,0.5344235569820164,0.5264379313794139,0.13930260047281318,0.5623329998234358,0.0,,0.0
549567,301.83,0.4292190189328744,0.5859536709854731,0.5342707218910795,0.529888966690007,0.1400709219858156,0.5664763698428579,0.0,,0.0
549568,301.84,0.42767211703958696,0.584973301923832,0.5346935656426716,0.53333500050015,0.14078014184397164,0.5706550526749454,0.0,,0.0
549569,301.85,0.42669965576592084,0.5847628582646252,0.5349126292730144,0.5367560268080425,0.14154846335697396,0.5748925901948089,0.0,,0.0
549570,301.86,0.4253098106712565,0.5842850412249706,0.5343471394365479,0.5401770531159348,0.1423167848699763,0.5790124183391205,0.0,,0.0
549571,301.87,0.4243889845094665,0.5839933254809581,0.5348871567578583,0.5435030509152746,0.14308510638297872,0.5830733917956563,0.0,,0.0
549572,301.88,0.4235240963855422,0.5835559481743228,0.536191349533853,0.5467690307092128,0.14367612293144205,0.5870166558766404,0.0,,0.0
549573,301.89,0.42470740103270227,0.5841876717707107,0.5368587294309439,0.5500050015004502,0.1441489361702128,0.5909010652698485,0.0,,0.0
549574,301.9,0.42684595524956975,0.5852406753042796,0.5360385144429161,0.5534160248074422,0.14450354609929073,0.5947266199752809,0.0,,0.0
549575,301.91,0.4313838209982789,0.5875575186493915,0.5338733506546436,0.5568670601180354,0.14473995271867612,0.5986110293684891,0.0,,0.0
549576,301.92,0.43631669535283996,0.5892500981546919,0.532925773090835,0.56036811043313,0.14503546099290776,0.6025542934494731,0.0,,0.0
549577,301.93,0.44157917383821,0.5907656065959953,0.533771460594019,0.5638191457437232,0.1455082742316785,0.6064387028426813,0.0,,0.0
549578,301.94,0.44539586919104995,0.5905692972124068,0.5378042691935401,0.5671701510453135,0.14627659574468083,0.6103231122358894,0.0,,0.0
549579,301.95,0.44668244406196217,0.5897447978013349,0.5420551225227979,0.5704711413424027,0.14728132387706855,0.6141486669413218,0.0,,0.0
549580,301.96,0.4450817555938038,0.5889183352964272,0.5430536451169188,0.5736721016304891,0.14846335697399526,0.6180330763345299,0.0,,0.0
549581,301.97,0.44123924268502585,0.5895327836670593,0.5434764888685109,0.5768230469140743,0.14958628841607563,0.6219174857277381,0.0,,0.0
549582,301.98,0.43652753872633393,0.5911621515508442,0.542400835498497,0.5799739921976593,0.15070921985815605,0.6257430404331703,0.0,,0.0
549583,301.99,0.4328270223752152,0.5925049077345897,0.5423240103927861,0.582924877463239,0.15171394799054372,0.6295685951386026,0.0,,0.0
549584,302.0,0.43130507745266783,0.592124067530428,0.5427979010647511,0.5858257477243173,0.1526595744680851,0.633394149844035,0.0,,0.0
549585,302.01,0.4328270223752152,0.5922222222222223,0.5435788883794386,0.5885765729718916,0.15366430260047276,0.6372197045494672,0.0,,0.0
549586,302.02,0.43512349397590366,0.5927758146839419,0.5469076366600438,0.5911773532059618,0.15478723404255312,0.6409275498793477,0.0,,0.0
549587,302.03,0.4364500860585198,0.5930977620730271,0.5494676244332365,0.5933780134040212,0.1560874704491726,0.6445176858336765,0.0,,0.0
549588,302.04,0.4374569707401033,0.5933725952100511,0.5502878394212645,0.5950785235570671,0.1575059101654846,0.6479312577246776,0.0,,0.0
549589,302.05,0.4362383820998279,0.5929681978798587,0.5489938356513322,0.5962288686605982,0.1591016548463357,0.651227120240127,0.0,,0.0
549590,302.06,0.43278786574870914,0.5904986258343149,0.5464083753629833,0.5969790937281184,0.1608156028368794,0.6544641280678004,0.0,,0.0
549591,302.07,0.4270955249569708,0.5875249312917158,0.5432457078811962,0.5974292287686306,0.16235224586288416,0.6577599905832499,0.0,,0.0
549592,302.08,0.4226462994836489,0.5857023949744798,0.5400448316266748,0.5979793938181455,0.16365248226950352,0.661173562474251,0.0,,0.0
549593,302.09,0.41944492254733223,0.5849167648213585,0.5379066687044678,0.5986796038811644,0.1645981087470449,0.6645871343652521,0.0,,0.0
549594,302.1,0.4174354561101549,0.585815861798194,0.5356411432064802,0.599779933980194,0.16507092198581558,0.6680007062562532,0.0,,0.0
549595,302.11,0.41737091222030986,0.5879623085983511,0.5365123032248204,0.6011303391017305,0.16536643026004727,0.6714142781472543,0.0,,0.0
549596,302.12,0.4184466437177281,0.5883270514330585,0.5391232360283253,0.6027808342502751,0.16554373522458626,0.6747689953504795,0.0,,0.0
549597,302.13,0.42169965576592083,0.5890396544954849,0.5416069590911406,0.6044313293988196,0.1657210401891253,0.6779471484903772,0.0,,0.0
549598,302.14,0.42512478485370053,0.5892500981546919,0.5431050995975342,0.6060818245473643,0.1659574468085106,0.6808310281913953,0.0,,0.0
549599,302.15,0.42946858864027543,0.588829210836278,0.5458836415507666,0.6076322896869061,0.16631205673758864,0.6834206344535341,0.0,,0.0
549600,302.16,0.4352018072289157,0.5900942285041225,0.5450129909827296,0.6090827248174452,0.16666666666666663,0.6857748219645693,0.0,,0.0
549601,302.17,0.4403571428571429,0.5918178248920299,0.5444495389474756,0.6103831149344804,0.16725768321512996,0.6880113001000527,0.0,,0.0
549602,302.18,0.44308519793459555,0.5940361209265803,0.5435788883794386,0.6114334300290087,0.16808510638297874,0.6906009063621916,0.0,,0.0
549603,302.19,0.44300774526678144,0.5931370239497449,0.54322023536604,0.6122836851055317,0.1693853427895981,0.693896768877641,0.0,,0.0
549604,302.2,0.43991394148020657,0.5911071849234394,0.5423240103927861,0.6130339101730519,0.1709219858156028,0.6976046142075215,0.0,,0.0
549605,302.21,0.4366179001721171,0.5903023164507264,0.5419782974170869,0.6138841652495749,0.1726359338061465,0.7015478782885055,0.0,,0.0
549606,302.22,0.4334832185886403,0.5909933254809581,0.5403907483824952,0.6148344503351005,0.17434988179669025,0.7054322876817136,0.0,,0.0
549607,302.23,0.43230240963855426,0.5906438947781705,0.5392383717968312,0.6157347204161249,0.175886524822695,0.7093166970749218,0.0,,0.0
549608,302.24,0.4334440619621343,0.5893639575971732,0.5379194049620459,0.6166850055016505,0.17730496453900707,0.7129068330292506,0.0,,0.0
549609,302.25,0.43669965576592085,0.5869823321554771,0.5372535534158642,0.6177353205961789,0.17842789598108744,0.7161438408569241,0.0,,0.0
549610,302.26,0.4387951807228916,0.5852811935610522,0.5350654643639513,0.6189856957087126,0.17937352245862886,0.7190277205579423,0.0,,0.0
549611,302.27,0.43732788296041314,0.5862936788378486,0.532681236945336,0.6205861758527558,0.18037825059101653,0.7218527455711846,0.0,,0.0
549612,302.28,0.43652753872633393,0.5882862190812721,0.5328748280605227,0.6224867460238072,0.18161938534278954,0.724677770584427,0.0,,0.0
549613,302.29,0.4357267641996558,0.5901334903808403,0.533771460594019,0.6246874062218666,0.18303782505910166,0.7275027955976692,0.0,,0.0
549614,302.3,0.4347426850258176,0.5919316843345113,0.5351673544245759,0.6270881264379313,0.1848108747044917,0.7303278206109115,0.0,,0.0
549615,302.31,0.4346376936316696,0.5941735374950923,0.5353201895155127,0.6293888166449935,0.18670212765957445,0.733093990936378,0.0,,0.0
549616,302.32,0.4331419965576592,0.5950569297212407,0.5354118905700749,0.6317395218565569,0.18871158392434983,0.7356835971985167,0.0,,0.0
549617,302.33,0.43239427710843376,0.5963604240282686,0.5342197768607672,0.634040212063619,0.19066193853427899,0.7379789300217761,0.0,,0.0
549618,302.34,0.4324991394148021,0.5977228111503731,0.5344490294971725,0.6361408422526758,0.19261229314420802,0.740038844093932,0.0,,0.0
549619,302.35,0.4325778829604131,0.5984098939929329,0.5342707218910795,0.6381914574372312,0.19444444444444442,0.7418044847272084,0.0,,0.0
549620,302.36,0.4328532702237522,0.5990027483313702,0.5336186255030821,0.6400920276082824,0.19639479905437346,0.7433347066093813,0.0,,0.0
549621,302.37,0.43230240963855426,0.5987907341970947,0.5341688318304549,0.641742522756827,0.19834515366430255,0.7448649284915542,0.0,,0.0
549622,302.38,0.4311084337349398,0.5974715351393797,0.5340924142849864,0.6432429728918676,0.200177304964539,0.7462185863103995,0.0,,0.0
549623,302.39,0.42946858864027543,0.5960934432665882,0.5338988231697998,0.6445433630089027,0.2018912529550827,0.7476310988170206,0.0,,0.0
549624,302.4,0.42684595524956975,0.5946132705143307,0.5337205155637067,0.645593678103431,0.20342789598108746,0.7489847566358658,0.0,,0.0
549625,302.41,0.4247719449225474,0.5938829996073813,0.5334250343878955,0.6464939481844554,0.20472813238770682,0.7503972691424871,0.0,,0.0
549626,302.42,0.422710843373494,0.5934628975265018,0.5348718732487645,0.647444233269981,0.2057919621749409,0.7518097816491082,0.0,,0.0
549627,302.43,0.42149311531841654,0.5926619552414606,0.5353201895155127,0.6482944883465039,0.20644208037825057,0.7531045847801776,0.0,,0.0
549628,302.44,0.4212435456110155,0.5913977228111504,0.5348464007336085,0.6490447134140243,0.2067966903073286,0.754340533223471,0.0,,0.0
549629,302.45,0.4199698795180723,0.5887074990184531,0.5374583524377197,0.6498449534860458,0.2069739952718676,0.7556941910423164,0.0,,0.0
549630,302.46,0.42219879518072295,0.5852001570475069,0.5383035304906006,0.6506952085625688,0.20673758865248226,0.7570478488611616,0.0,,0.0
549631,302.47,0.427026678141136,0.5806949352179035,0.539647969840542,0.6517455236570971,0.20650118203309686,0.7586957801188863,0.0,,0.0
549632,302.48,0.4334832185886403,0.5778759324695721,0.5413637984614601,0.6531959587876363,0.20638297872340422,0.7607556941910422,0.0,,0.0
549633,302.49,0.4380507745266782,0.5770357283078131,0.5432716898466554,0.6547964389316795,0.20650118203309686,0.763286445765405,0.0,,0.0
549634,302.5,0.43987091222030983,0.578665096191598,0.5454353252840185,0.6564969490847254,0.20673758865248226,0.7661114707786474,0.0,,0.0
549635,302.51,0.4403571428571429,0.5822921083627798,0.5460884405726221,0.6582474742422727,0.2071513002364066,0.7688776411041138,0.0,,0.0
549636,302.52,0.43921686746987953,0.5846250490773459,0.5447185287075246,0.65999799939982,0.2074468085106383,0.7712906833029249,0.0,,0.0
549637,302.53,0.43900602409638556,0.5856051825677268,0.5431433083702685,0.6615984795438632,0.20750591016548464,0.7731740333117532,0.0,,0.0
549638,302.54,0.4380507745266782,0.586374558303887,0.5433226348769677,0.6632489746924077,0.20756501182033094,0.774704255193926,0.0,,0.0
549639,302.55,0.4376807228915663,0.5882296819787987,0.5436685516327882,0.6651995598679603,0.20774231678486993,0.7760579130127713,0.0,,0.0
549640,302.56,0.4371557659208262,0.591146446800157,0.5448209282184523,0.6676502950885266,0.20827423167848697,0.7772350067682889,0.0,,0.0
549641,302.57,0.4358975903614458,0.5934314880251277,0.546357430332671,0.6704011203361009,0.2091016548463357,0.7782355364604789,0.0,,0.0
549642,302.58,0.432092512908778,0.5945229681978799,0.546510774873911,0.6733019905971791,0.21010638297872336,0.7789417927137895,0.0,,0.0
549643,302.59,0.42782831325301207,0.5942873969375737,0.5464853023587548,0.6760528158447534,0.21122931442080373,0.7795891942793242,0.0,,0.0
549644,302.6,0.4241953528399312,0.5927993718099726,0.5455377247949462,0.6784535360608183,0.2122931442080378,0.7802954505326347,0.0,,0.0
549645,302.61,0.4217426850258176,0.5905692972124068,0.5455377247949462,0.6806541962588777,0.21347517730496451,0.7810605614737212,0.0,,0.0
549646,302.62,0.4192986230636833,0.5871605810757755,0.5451153904936573,0.6827548264479344,0.21471631205673758,0.7818845271025836,0.0,,0.0
549647,302.63,0.4194965576592083,0.5841311346682372,0.5431305721126903,0.6849054716414924,0.2160756501182033,0.78264963804367,0.0,,0.0
549648,302.64,0.4218072289156627,0.5802905378877111,0.543501961383667,0.6870561168350505,0.21725768321513,0.7830616208581012,0.0,,0.0
549649,302.65,0.4264500860585198,0.5764428739693758,0.5420295124560599,0.689406822046614,0.21838061465721037,0.7832381849214288,0.0,,0.0
549650,302.66,0.4321187177280551,0.5748881036513546,0.5416069590911406,0.6919575872761828,0.21950354609929074,0.7831793302336529,0.0,,0.0
549651,302.67,0.4379561101549054,0.5750844130349431,0.5400448316266748,0.6947584275282584,0.22050827423167846,0.7830616208581012,0.0,,0.0
549652,302.68,0.44273235800344235,0.5773419709462113,0.5382011309796729,0.6976592977893368,0.22151300236406612,0.7830616208581012,0.0,,0.0
549653,302.69,0.4490705679862307,0.579795838241068,0.5379194049620459,0.7006101830549165,0.2223404255319149,0.7833558942969806,0.0,,0.0
549654,302.7,0.45244406196213427,0.5826890459363958,0.5388924550410107,0.7033109932979894,0.22293144208037824,0.7843564239891705,0.0,,0.0
549655,302.71,0.4529388984509467,0.5846493914409109,0.5401599673951806,0.7055616685005501,0.22346335697399528,0.7861220646224469,0.0,,0.0
549656,302.72,0.4490318416523236,0.5850138594424814,0.5427209740689796,0.7071621486445934,0.2241725768321513,0.7885351068212582,0.0,,0.0
549657,302.73,0.4450559380378658,0.5843820180604633,0.5445137296856691,0.7080624187256177,0.22499999999999998,0.7911835677711728,0.0,,0.0
549658,302.74,0.4414070567986231,0.584527679623086,0.5441423404146926,0.7085625687706312,0.22588652482269506,0.7939497380966393,0.0,,0.0
549659,302.75,0.4385886402753873,0.5850138594424814,0.5435788883794386,0.7086125837751325,0.22689125295508267,0.7966570537343298,0.0,,0.0
549660,302.76,0.4358317555938038,0.5863341185708677,0.5422343980844668,0.7084625387616285,0.22789598108747045,0.7992466599964685,0.0,,0.0
549661,302.77,0.432040008605852,0.5870471142520614,0.540364766417036,0.7082124637391217,0.2290189125295508,0.8016008475075038,0.0,,0.0
549662,302.78,0.4286549053356283,0.5870632116215155,0.5392383717968312,0.7079123737121136,0.23002364066193853,0.8037196162674356,0.0,,0.0
549663,302.79,0.4263597246127367,0.5869254024342364,0.5374583524377197,0.7077123136941083,0.23091016548463356,0.8056618209640396,0.0,,0.0
549664,302.8,0.4258734939759036,0.5859697683549274,0.5360130419277599,0.7077623286986096,0.23173758865248228,0.807427461597316,0.0,,0.0
549665,302.81,0.42705249569707404,0.5843981154299176,0.535615670691324,0.7081624487346204,0.23262411347517725,0.8092519569183685,0.0,,0.0
549666,302.82,0.42852366609294323,0.5826160188457009,0.5352182994548882,0.7087626287886366,0.23351063829787233,0.8110764522394207,0.0,,0.0
549667,302.83,0.43088554216867475,0.580412249705536,0.5335523969636762,0.7096628988696609,0.2344562647754137,0.812900947560473,0.0,,0.0
549668,302.84,0.43331282271944926,0.5802041617589321,0.5336440980182383,0.7107632289686906,0.23540189125295508,0.8147842975693012,0.0,,0.0
549669,302.85,0.4350447504302926,0.5802591283863369,0.5332721992969586,0.7117635290587176,0.23640661938534274,0.8167853569536812,0.0,,0.0
549670,302.86,0.43453270223752155,0.580600706713781,0.5337459880788629,0.7124637391217366,0.23741134751773046,0.818845271025837,0.0,,0.0
549671,302.87,0.43148881239242687,0.5815225755791127,0.5332976718121147,0.7128638591577473,0.2384160756501182,0.8209051850979929,0.0,,0.0
549672,302.88,0.4283399311531842,0.5836124852767963,0.5340924142849864,0.7130139041712513,0.2393617021276595,0.822788535106821,0.0,,0.0
549673,302.89,0.42648881239242686,0.5857186101295643,0.5330276631514596,0.7132139641892568,0.24030732860520093,0.8245541757400975,0.0,,0.0
549674,302.9,0.4254388984509467,0.5876788378484492,0.5313872331754037,0.7133640092027608,0.24119385342789595,0.8261432523100463,0.0,,0.0
549675,302.91,0.42423407917383826,0.5887722811150373,0.5303632380661266,0.7135640692207662,0.24225768321512997,0.827791183567771,0.0,,0.0
549676,302.92,0.4246385542168675,0.5899960738123283,0.5295990626114422,0.7137141142342702,0.24361702127659574,0.8294979695132716,0.0,,0.0
549677,302.93,0.4252323580034424,0.5903023164507264,0.5302613480055021,0.7140142042612784,0.2452127659574468,0.8311459007709963,0.0,,0.0
549678,302.94,0.4262521514629949,0.5901884570082451,0.5315298792602782,0.7143643092927878,0.24698581560283683,0.8327938320287209,0.0,,0.0
549679,302.95,0.4273020654044751,0.589591676482136,0.5322991492179937,0.7147644293287987,0.24881796690307323,0.834206344535342,0.0,,0.0
549680,302.96,0.427263339070568,0.5877679623085984,0.5334250343878955,0.7152645793738122,0.250531914893617,0.8353245836030838,0.0,,0.0
549681,302.97,0.426802925989673,0.5865041224970554,0.5348871567578583,0.7159147744323296,0.25195035460992904,0.8361485492319461,0.0,,0.0
549682,302.98,0.4261488812392427,0.5856457008244995,0.5362779560853839,0.7167150145043513,0.25307328605200946,0.8366782414219291,0.0,,0.0
549683,302.99,0.4259638554216868,0.5860427954456223,0.5369845636558154,0.7177653295988796,0.2540189125295508,0.8369725148608085,0.0,,0.0
549684,303.0,0.42677710843373495,0.5879057714958775,0.5368332569157879,0.7187656296889067,0.25478723404255316,0.8371490789241361,0.0,,0.0
549685,303.01,0.4286944922547333,0.5897133882999608,0.5371511539049365,0.719665899769931,0.25526004728132384,0.8372667882996879,0.0,,0.0
549686,303.02,0.43125258175559383,0.5886348645465254,0.537355952926792,0.7202160648194458,0.2554373522458629,0.8374433523630156,0.0,,0.0
549687,303.03,0.4325387263339071,0.5877353749509227,0.5366498548066636,0.7203160948284485,0.2552009456264775,0.8377376258018949,0.0,,0.0
549688,303.04,0.43240740103270225,0.5861802120141343,0.5368587294309439,0.7203160948284485,0.25508274231678485,0.8380907539285503,0.0,,0.0
549689,303.05,0.432013769363167,0.5849167648213585,0.5388155280452391,0.7204161248374512,0.2550236406619385,0.8385027367429814,0.0,,0.0
549690,303.06,0.432013769363167,0.5838959560266981,0.5429003005756788,0.720666199859958,0.2550236406619385,0.8387970101818608,0.0,,0.0
549691,303.07,0.43335197934595526,0.5831507656065961,0.5476488868510876,0.7211663499049714,0.2548463356973995,0.8390324289329644,0.0,,0.0
549692,303.08,0.4368416523235801,0.585256890459364,0.547857761475368,0.7218665599679903,0.2543735224586288,0.8390324289329644,0.0,,0.0
549693,303.09,0.4411703958691911,0.5893639575971732,0.5430281726017626,0.7229168750625188,0.25378250591016543,0.8390912836207403,0.0,,0.0
549694,303.1,0.44875645438898454,0.5929681978798587,0.5410820724438331,0.7238171451435431,0.25295508274231676,0.8393855570596196,0.0,,0.0
549695,303.11,0.45478915662650604,0.5957479387514724,0.5406082836619287,0.7241672501750525,0.2518321513002364,0.8400329586251543,0.0,,0.0
549696,303.12,0.45507745266781413,0.5967844522968199,0.5422087727342197,0.723667100130039,0.2504728132387707,0.8409157789417925,0.0,,0.0
549697,303.13,0.4494492254733219,0.5915272870043189,0.5478322889602119,0.7224167250175052,0.24887706855791963,0.8416808898828789,0.0,,0.0
549698,303.14,0.4429561101549054,0.5844711425206125,0.5496612155484232,0.7210663198959688,0.24716312056737588,0.8420340180095343,0.0,,0.0
549699,303.15,0.4353988812392427,0.5781272084805654,0.5484691018391156,0.719965989796939,0.24539007092198578,0.8418574539462067,0.0,,0.0
549700,303.16,0.4272891566265061,0.5745661562622694,0.544936063986958,0.7195158547564269,0.24403073286052007,0.8414454711317755,0.0,,0.0
